:mod:`koapy.utils.krx.holiday.KoreanLunarCalendar`
==================================================

.. py:module:: koapy.utils.krx.holiday.KoreanLunarCalendar


Module Contents
---------------

Classes
~~~~~~~

.. autoapisummary::

   koapy.utils.krx.holiday.KoreanLunarCalendar.KoreanLunarCalendar



.. py:class:: KoreanLunarCalendar(dt_or_year=None, month=None, day=None, is_intercalation=False)

   .. attribute:: KOREAN_LUNAR_MIN_VALUE
      :annotation: = 13910101

      

   .. attribute:: KOREAN_LUNAR_MAX_VALUE
      :annotation: = 20501118

      

   .. attribute:: KOREAN_SOLAR_MIN_VALUE
      :annotation: = 13910205

      

   .. attribute:: KOREAN_SOLAR_MAX_VALUE
      :annotation: = 20501231

      

   .. attribute:: KOREAN_LUNAR_BASE_YEAR
      :annotation: = 1391

      

   .. attribute:: SOLAR_LUNAR_DAY_DIFF
      :annotation: = 35

      

   .. attribute:: LUNAR_SMALL_MONTH_DAY
      :annotation: = 29

      

   .. attribute:: LUNAR_BIG_MONTH_DAY
      :annotation: = 30

      

   .. attribute:: SOLAR_SMALL_YEAR_DAY
      :annotation: = 365

      

   .. attribute:: SOLAR_BIG_YEAR_DAY
      :annotation: = 366

      

   .. attribute:: SOLAR_DAYS
      :annotation: = [31, 28, 31, 30, 31, 30, 31, 31, 30, 31, 30, 31, 29]

      

   .. attribute:: KOREAN_CHEONGAN
      :annotation: = [44049, 51012, 48337, 51221, 47924, 44592, 44221, 49888, 51076, 44228]

      

   .. attribute:: KOREAN_GANJI
      :annotation: = [51088, 52629, 51064, 47896, 51652, 49324, 50724, 48120, 49888, 50976, 49696, 54644]

      

   .. attribute:: KOREAN_GAPJA_UNIT
      :annotation: = [45380, 50900, 51068]

      

   .. attribute:: CHINESE_CHEONGAN
      :annotation: = [30002, 20057, 19993, 19969, 25098, 24049, 24218, 36763, 22764, 30328]

      

   .. attribute:: CHINESE_GANJI
      :annotation: = [23376, 19985, 23493, 21359, 36784, 24051, 21320, 26410, 30003, 37193, 25100, 20133]

      

   .. attribute:: CHINESE_GAPJA_UNIT
      :annotation: = [24180, 26376, 26085]

      

   .. attribute:: INTERCALATION_STR
      :annotation: = [50980, 38287]

      

   .. attribute:: KOREAN_LUNAR_DATA
      :annotation: = [2193884755, 3271673513, 2193884586, 2194016949, 2197852861, 3267625654, 2194017335, 2197706030, 2193886358, 3267759691, 2197698386, 2194017706, 2197927348, 3267757421, 2193883822, 2197846589, 2193885741, 3267628309, 2197835157, 2193886034, 2197867369, 3267758810, 2194015581, 2197918299, 2193884251, 3267627563, 2197838507, 2193885845, 2193886034, 3271564970, 2194016950, 2197865819, 2194015415, 3267626071, 2197845303, 2193884459, 2193884821, 3271640725, 2193884586, 2197866933, 2194016878, 3267626158, 2197850718, 2193885782, 2193886506, 3271585450, 2194017621, 2193884522, 2197891418, 3267758430, 2197861551, 2193884315, 2193885773, 3271589166, 2193885994, 2194017109, 2197833173, 3267625690, 2194016603, 2197885271, 2193884315, 3271596623, 2193884747, 2193884841, 2197842666, 3267757749, 2193883830, 2197826222, 2194016567, 3271537814, 2193886358, 2194017867, 2197714610, 3267759530, 2194015661, 2197828461, 2193883758, 3267627310, 2197826861, 2193886357, 2197855565, 3267627850, 2194017129, 2197906778, 2194015579, 3267625565, 2197826139, 2193885483, 2197858967, 3267626645, 2193885002, 2197850970, 2194016950, 3267757371, 2197832375, 2193883735, 2193884459, 3271564587, 2193884821, 2197853869, 2193884586, 3267758773, 2197837037, 2193884334, 2194016855, 3271504974, 2193886506, 2197929364, 2194017109, 3267626346, 2197846394, 2194016605, 2193884334, 3271576219, 2193885773, 2193886501, 2197887658, 3267758933, 2197853549, 2193883866, 2194016603, 3271578807, 2193884311, 2193885771, 2197834571, 3267626665, 2197867221, 2194015669, 2193883830, 3271592286, 2194016559, 2193884311, 2197702294, 3267628362, 2197868197, 2194017641, 2194015597, 3271664309, 2193883758, 2193884462, 2197843117, 3267628181, 2193886538, 2197827402, 2194017113, 3271607661, 2194015579, 2193883741, 2197846331, 3267627307, 2193885845, 2197904149, 2193884874, 3267758805, 2197885622, 2194015419, 2197852767, 3267625559, 2193884459, 2197711530, 2194017941, 3267626666, 2197830570, 2194016949, 2197861559, 3267626158, 2194016855, 2197714221, 2193886502, 3267759509, 2197837269, 2193884522, 2194016621, 3271566685, 2193884334, 2197858895, 2193885773, 3267628325, 2197843305, 2194017109, 2193883994, 3271568058, 2194016603, 2197931163, 2193884311, 3267627595, 2197850923, 2193884837, 2193884884, 3271772853, 2193883830, 2194016567, 2197824815, 3267626135, 2197722702, 2193886538, 2194017957, 3271648937, 2194015597, 2193883830, 2197895262, 3267627310, 2197863575, 2193885845, 2193886538, 3271593386, 2194017101, 2194015595, 2197832411, 3267625565, 2193885485, 2197826867, 2193885845, 3271596877, 2193884842, 2194016981, 2197841269, 3267757243, 2193883739, 2197894231, 2193884459, 3271539348, 2194017941, 2193884842, 2197850842, 3267758517, 2193884342, 2197834414, 2194016847, 3267495206, 2197892390, 2194017621, 2197923241, 3267626346, 2194016621, 2197906589, 2193884318, 3267627597, 2197835085, 2193886501, 2197863763, 3267627860, 2194017114, 2197915994, 2194016603, 3267626139, 2197834391, 2193885771, 2193885861, 3271564965, 2193884884, 2197994203, 2193883830, 3267758391, 2197841071, 2193884311, 2193884747, 3271440202, 2194017701, 2197862069, 2194015597, 3267625658, 2197846334, 2193885486, 2193886358, 3271646485, 2193886538, 2194017701, 2197894485, 3267626346, 2197846650, 2194016861, 2193885485, 3271584427, 2193885845, 2193886026, 2197834666, 3267758805, 2193884506, 2197891258, 2194016859, 3271587127, 2193884459, 2193884819, 2197903125, 3267626666, 2194016985, 2197829045, 2193884342, 3271592542, 2193885774, 2193886502, 2197843622, 3267628370, 2194017706, 2197898858, 2194015597, 3267626158, 2197830301, 2193885773, 2197847339, 3267627813, 2193886546, 2197904724, 2194017114, 3267757405, 2197828955, 2193884317, 2197845591, 2193885771, 2193885861, 2197842789, 2193884882, 3267758810, 2197833142, 2194016567, 2193884311, 3271571095, 2193885773, 2197714602, 2194017701, 3267626410, 2197838572, 2194016942, 2193885486, 3271572782, 2193886358, 2197916997, 2193886538, 3267759445, 2197906837, 2193884522, 2194016877, 3271574877, 2193884461, 2193885845, 2197831317, 3267627850, 2197912394, 2194016725, 2193884506, 3271645754, 2194016859, 2193884459, 2197899799, 3267626643, 2197853867, 2193884842, 2194016949, 3271582965, 2193884342, 2194016855, 2197701934, 3267628310, 2194017939, 2197698386, 2194017706, 3271652778, 2194015597, 2193884334, 2197903899, 3267627565, 2193886485, 2197835173, 2193886034, 3271597418, 2194016986, 2194015581, 2197906075, 3267626075, 2193885739, 2197838635, 2193885845, 3267627858, 2197891762, 2194016982, 2197910870, 3267757367, 2193884247, 2197837399, 2193884459, 3267626645, 2197829525, 2193884586, 2197858998, 3267758701, 2193884334, 2197842286, 2193885782, 3267628330, 2197839530, 2194017621, 2193884586, 3271572330, 2194016877, 2197845181, 2193884331, 3267627661, 2197839189, 2193885994, 2194017109, 3271574997, 2193884378, 2194016605, 2197824855, 3267626139, 2197842583, 2193884747, 2193884841, 2197834666, 2194015925, 2193883834, 2197826230, 3267758391, 2197710126, 2193886486, 2194017867, 3271448274, 2194017705, 2194015669, 2197828461, 3267625646, 2193885742, 2197827117, 2193886357, 3271585109, 2193886034, 2194017129, 2197833178, 3267757405, 2193883741, 2197830235, 2193885739, 3271654027, 2193885845, 2193886026, 2197904170, 3267758805, 2194015579, 2197832375, 2193883735, 3271595311, 2193884459, 2193884821, 2197841621, 3267626410, 2194016949, 2197833069, 2193884334, 3267758679, 2197763158, 2193886506, 2197913226, 3267759445, 2193884586, 2197838554, 2194016605, 3267626158, 2197834411, 2193885773, 2197851435, 3267627817, 2194017109, 2197845365, 2193883866, 3267758429, 2197837015, 2193884315, 2193885771, 3271637579, 2193884841, 2197850841, 2194015925, 3267625654, 2197903670, 2194016567, 2193884311, 3271444118, 2193886794, 2197860006, 2194017705, 3267757485, 2197906093, 2193883822, 2193885486, 3271580845, 2193886357, 2193886538, 2197896522, 3267758953, 2197845370, 2194015579, 2193883741, 3271579995, 2193885483, 2193885845, 2197835157, 3267627850, 2194017109, 2197825237, 2194015579, 3271582327, 2193883735, 2193884459, 2197707434, 3267759765, 2193884842, 2197830570, 2194016949, 2197849277, 2193884334, 2194016855, 2197706061, 3267628326, 2194017685, 2197898837, 2193884522, 3267758509, 2197824861, 2193884334, 2197842523, 3267627597, 2193886501, 2197839273, 2194017109, 3267626346, 2197826266, 2194016605, 2197845179, 3267626139, 2193885771, 2197838667, 2193884841, 3267627732, 2197965749, 2193883830, 2194016603, 3271566647, 2193884311, 2197710422, 2193886794, 3267759781, 2197903017, 2194015669, 2193883830, 3271637166, 2193885486, 2197912717, 2193886357, 3267628362, 2197908874, 2194017129, 2194015597, 3271639643, 2193883741, 2193885485, 2197826859, 3267627669, 2197847381, 2193886026, 2194017109, 3271644501, 2194015451, 2193883739, 2197895255, 3267626283, 2197850779, 2193884821, 2193884842, 3271584490, 2194016949, 2193884342, 2197834414, 3267758679, 2193884455, 2197698342, 2194017685, 3271587509, 2193884522, 2194016685, 2197837021, 3267626158, 2193885774, 2197835085, 2193886501, 3271593305, 2193886036, 2194017642, 2197907802, 3267758427, 2193884315, 2197834395, 2193885771, 3271600935, 2193884837, 2193884884, 2197973877, 3267625654, 2194016603, 2197836983, 2193884311, 3267626571, 2197698378, 2194017957, 2197849817, 3267757485, 2193883830, 2197838190, 2193885486, 3267628182, 2197835413, 2193886538, 2194017701, 3271567189, 2193884524, 2197977787, 2193883741, 3267627309, 2197839019, 2193885845, 2193886026, 3271637834, 2194017109, 2197853533, 2193884346, 3267758683, 2197837143, 2193884459, 2193885845, 3271576469, 2193884842, 2194016981, 2197825205, 3267626166, 2197842542, 2194016855, 2193884455, 3271448230, 2194017683, 2193884586, 2197830506, 3267758445, 2197861551, 2193884334, 2193885773, 3271650573, 2193886501, 2193886546, 2197839316, 3267758954, 2194016621, 2197824859, 2193884315, 3271588439, 2193885771, 2193885989, 2197904165, 3267626708, 2194016986, 2197895350]

      

   .. method:: LunarIsoFormat(self)


   .. method:: SolarIsoFormat(self)


   .. method:: __getLunarData(self, year)


   .. method:: __getLunarIntercalationMonth(self, lunarData)


   .. method:: __getLunarDays(self, year, month=None, isIntercalation=None)


   .. method:: __getLunarDaysBeforeBaseYear(self, year)


   .. method:: __getLunarDaysBeforeBaseMonth(self, year, month, isIntercalation)


   .. method:: __getLunarAbsDays(self, year, month, day, isIntercalation)


   .. method:: __isSolarIntercalationYear(self, lunarData)


   .. method:: __getSolarDays(self, year, month=None)


   .. method:: __getSolarDaysBeforeBaseYear(self, year)


   .. method:: __getSolarDaysBeforeBaseMonth(self, year, month)


   .. method:: __getSolarAbsDays(self, year, month, day)


   .. method:: __setSolarDateByLunarDate(self, lunarYear, lunarMonth, lunarDay, isIntercalation)


   .. method:: __setLunarDateBySolarDate(self, solarYear, solarMonth, solarDay)


   .. method:: __checkValidDate(self, isLunar, isIntercalation, year, month, day)


   .. method:: setLunarDate(self, lunarYear, lunarMonth, lunarDay, isIntercalation)


   .. method:: setSolarDate(self, solarYear, solarMonth, solarDay)


   .. method:: __getGapJa(self)


   .. method:: getGapJaString(self)


   .. method:: getChineseGapJaString(self)


   .. method:: to_solar_datetime(self)


   .. method:: to_solar_date(self)


   .. method:: lunar_to_solar_datetime(cls, dt_or_year, month=None, day=None, is_intercalation=False)
      :classmethod:


   .. method:: lunar_to_solar_date(cls, dt_or_year, month=None, day=None, is_intercalation=False)
      :classmethod:


   .. method:: solar_from_lunar_datetime(cls, dt_or_year, month=None, day=None)
      :classmethod:


   .. method:: solar_from_lunar_date(cls, dt_or_year, month=None, day=None)
      :classmethod:



